energy	Flux	dFi	Fi/dE [MeV]
1.00E-02	5.51E-06	5.82E-02	1.38E-04
5.00E-02	6.28E-05	1.75E-02	1.26E-03
1.00E-01	1.06E-03	4.40E-03	5.28E-02
1.20E-01	1.29E-03	3.90E-03	6.47E-02
1.40E-01	1.84E-03	3.30E-03	9.20E-02
1.60E-01	2.24E-03	3.00E-03	1.12E-01
1.80E-01	2.50E-03	2.80E-03	1.25E-01
2.00E-01	2.68E-03	2.70E-03	1.34E-01
2.20E-01	2.78E-03	2.70E-03	1.39E-01
2.40E-01	2.80E-03	2.60E-03	1.40E-01
2.60E-01	2.75E-03	2.70E-03	1.37E-01
2.80E-01	2.66E-03	2.70E-03	1.33E-01
3.00E-01	2.59E-03	2.70E-03	1.29E-01
3.20E-01	2.49E-03	2.80E-03	1.25E-01
3.40E-01	2.41E-03	2.80E-03	1.21E-01
3.60E-01	2.32E-03	2.90E-03	1.16E-01
3.80E-01	2.25E-03	2.90E-03	1.12E-01
4.00E-01	2.13E-03	3.00E-03	1.06E-01
4.20E-01	2.03E-03	3.00E-03	1.02E-01
4.40E-01	1.95E-03	3.10E-03	9.75E-02
4.60E-01	1.92E-03	3.10E-03	9.61E-02
4.80E-01	1.89E-03	3.10E-03	9.46E-02
5.00E-01	1.87E-03	3.20E-03	7.49E-02
5.25E-01	2.28E-03	2.90E-03	9.11E-02
5.50E-01	2.17E-03	2.90E-03	8.67E-02
5.75E-01	2.03E-03	3.00E-03	8.13E-02
6.00E-01	1.92E-03	3.10E-03	7.69E-02
6.25E-01	1.86E-03	3.10E-03	7.42E-02
6.50E-01	1.83E-03	3.10E-03	7.30E-02
6.75E-01	1.79E-03	3.20E-03	7.17E-02
7.00E-01	1.79E-03	3.20E-03	7.17E-02
7.25E-01	1.82E-03	3.10E-03	7.29E-02
7.50E-01	2.02E-03	3.00E-03	8.08E-02
7.75E-01	2.57E-03	2.70E-03	1.03E-01
8.00E-01	3.53E-03	2.30E-03	1.41E-01
8.25E-01	4.68E-03	2.00E-03	1.87E-01
8.50E-01	5.30E-03	1.90E-03	2.12E-01
8.75E-01	4.89E-03	2.00E-03	1.96E-01
9.00E-01	3.61E-03	2.30E-03	1.45E-01
9.25E-01	2.15E-03	2.90E-03	8.61E-02
9.50E-01	1.13E-03	4.00E-03	4.51E-02
9.75E-01	6.10E-04	5.50E-03	2.44E-02
1.00E+00	4.27E-04	6.50E-03	8.54E-03
1.05E+00	7.42E-04	4.90E-03	1.48E-02
1.10E+00	7.04E-04	5.00E-03	1.41E-02
1.15E+00	7.21E-04	5.00E-03	1.44E-02
1.20E+00	8.56E-04	4.60E-03	1.71E-02
1.25E+00	9.82E-04	4.30E-03	1.96E-02
1.30E+00	8.85E-04	4.50E-03	1.77E-02
1.35E+00	7.22E-04	5.00E-03	1.44E-02
1.40E+00	7.16E-04	5.00E-03	1.43E-02
1.45E+00	6.78E-04	5.10E-03	1.36E-02
1.50E+00	5.15E-04	5.80E-03	1.03E-02
1.55E+00	3.83E-04	6.70E-03	7.67E-03
1.60E+00	3.41E-04	7.10E-03	6.81E-03
1.65E+00	3.37E-04	7.20E-03	6.74E-03
1.70E+00	3.79E-04	6.80E-03	7.59E-03
1.75E+00	4.93E-04	6.00E-03	9.86E-03
1.80E+00	6.21E-04	5.30E-03	1.24E-02
1.85E+00	6.33E-04	5.30E-03	1.27E-02
1.90E+00	4.77E-04	6.10E-03	9.55E-03
1.95E+00	3.38E-04	7.20E-03	6.76E-03
2.00E+00	3.02E-04	7.60E-03	3.02E-03
2.10E+00	8.02E-04	4.70E-03	8.02E-03
2.20E+00	8.31E-04	4.60E-03	8.31E-03
2.30E+00	5.72E-04	5.50E-03	5.72E-03
2.40E+00	4.28E-04	6.40E-03	4.28E-03
2.50E+00	4.42E-04	6.30E-03	4.42E-03
2.60E+00	5.46E-04	5.70E-03	5.46E-03
2.70E+00	4.72E-04	6.10E-03	4.72E-03
2.80E+00	4.09E-04	6.60E-03	4.09E-03
2.90E+00	4.43E-04	6.30E-03	4.43E-03
3.00E+00	4.15E-04	6.50E-03	4.15E-03
3.10E+00	2.86E-04	7.80E-03	2.86E-03
3.20E+00	2.56E-04	8.30E-03	2.56E-03
3.30E+00	2.68E-04	8.10E-03	2.68E-03
3.40E+00	2.75E-04	8.00E-03	2.75E-03
3.50E+00	3.40E-04	7.20E-03	3.40E-03
3.60E+00	3.63E-04	7.00E-03	3.63E-03
3.70E+00	2.92E-04	7.80E-03	2.92E-03
3.80E+00	1.94E-04	9.60E-03	1.94E-03
3.90E+00	1.50E-04	1.10E-02	1.50E-03
4.00E+00	1.23E-04	1.21E-02	6.17E-04
4.20E+00	2.08E-04	9.30E-03	1.04E-03
4.40E+00	1.71E-04	1.03E-02	8.55E-04
4.60E+00	1.43E-04	1.13E-02	7.17E-04
4.80E+00	1.27E-04	1.20E-02	6.34E-04
5.00E+00	1.16E-04	1.26E-02	5.78E-04
5.20E+00	1.05E-04	1.32E-02	5.27E-04
5.40E+00	8.99E-05	1.43E-02	4.50E-04
5.60E+00	8.11E-05	1.50E-02	4.05E-04
5.80E+00	7.81E-05	1.53E-02	3.90E-04
6.00E+00	7.08E-05	1.61E-02	3.54E-04
6.20E+00	6.42E-05	1.68E-02	3.21E-04
6.40E+00	5.77E-05	1.80E-02	2.88E-04
6.60E+00	5.60E-05	1.80E-02	2.80E-04
6.80E+00	5.12E-05	1.88E-02	2.56E-04
7.00E+00	4.89E-05	1.92E-02	2.45E-04
7.20E+00	5.07E-05	1.89E-02	2.54E-04
7.40E+00	5.63E-05	1.80E-02	2.81E-04
7.60E+00	7.00E-05	1.61E-02	3.50E-04
7.80E+00	7.72E-05	1.53E-02	3.86E-04
8.00E+00	6.60E-05	1.65E-02	3.30E-04
8.20E+00	5.42E-05	1.82E-02	2.71E-04
8.40E+00	4.15E-05	2.08E-02	2.08E-04
8.60E+00	2.74E-05	2.54E-02	1.37E-04
8.80E+00	1.83E-05	3.10E-02	9.14E-05
9.00E+00	1.46E-05	3.48E-02	2.93E-05
9.50E+00	2.97E-05	2.45E-02	5.93E-05
1.00E+01	1.65E-05	3.30E-02	3.30E-05
1.05E+01	7.49E-06	4.91E-02	1.50E-05
1.10E+01	2.70E-06	8.13E-02	5.41E-06
1.15E+01	9.92E-07	1.36E-01	1.98E-06
1.20E+01	2.91E-07	2.52E-01	5.82E-07
1.25E+01	2.31E-07	2.61E-01	4.61E-07
1.30E+01	1.44E-07	3.62E-01	2.88E-07
1.35E+01	6.23E-08	5.01E-01	1.25E-07
1.40E+01	5.47E-08	5.91E-01	5.47E-08
1.50E+01	7.90E-08	5.12E-01	7.90E-08
1.60E+01	4.05E-08	7.14E-01	4.05E-08
1.70E+01	4.39E-08	7.11E-01	4.39E-08
1.80E+01	0	0	0.00E+00
1.90E+01	0	0	0.00E+00
2.00E+01	0	0	0.00E+00
2.50E+01	0	0	0.00E+00
3.00E+01	0	0	
